20
0 89 72 31 9 55 11 99 1 52 9 16 68 32 11 20 42 9 5 82
44 0 80 28 61 1 36 16 39 76 15 83 78 70 50 27 55 40 92 4
25 69 0 41 51 90 71 42 15 36 34 61 30 68 79 49 52 70 85 31
69 30 77 0 83 97 83 76 81 61 45 68 72 15 58 40 20 59 99 72
29 22 14 97 0 19 59 76 66 53 45 69 81 92 53 40 94 80 19 14
66 53 40 44 59 0 71 9 69 28 1 64 6 89 57 23 5 33 40 33
99 38 25 71 27 87 0 93 61 49 40 63 2 19 37 33 58 17 36 34
6 56 69 17 22 78 15 0 73 3 20 96 7 34 70 75 63 13 16 12
91 57 61 53 84 39 76 81 0 95 15 6 42 76 81 76 14 54 71 38
30 91 83 84 3 73 62 16 61 0 56 65 51 77 36 5 26 61 87 81
99 40 5 6 2 95 96 34 78 3 0 74 90 33 1 65 60 8 15 27
96 1 14 68 66 10 50 37 41 7 81 0 87 66 38 17 17 87 60 30
71 28 82 87 75 36 27 50 14 16 76 37 0 16 23 86 22 69 20 65
59 68 54 51 86 11 79 15 31 5 3 52 8 0 77 91 18 80 97 5
55 92 29 73 43 69 7 28 64 99 2 4 18 13 0 41 65 30 29 74
93 63 36 33 62 58 50 96 58 14 35 32 37 57 90 0 57 14 71 50
95 59 83 60 60 73 40 27 58 6 22 67 68 58 61 54 0 86 54 13
48 61 50 89 69 51 14 8 16 80 8 56 82 34 89 42 44 0 66 37
55 42 28 62 24 52 58 40 23 42 80 43 48 18 29 76 24 39 0 43
44 68 89 97 46 31 75 53 34 58 99 45 7 59 49 24 40 82 94 0
